((0 0)
(1 1)
(2 2)
(3 3)
(4 4)
(5 5)
(6 6)
(7 7)
(8 8)
(9 9)
(10 10)
(11 11)
(12 12)
(13 13)
(14 14)
(15 15)
(16 16)
(17 17)
(18 18)
(19 19)
(20 20)
(21 21)
(22 22)
(23 23)
(24 24)
(25 25)
(26 26)
(27 27)
(28 28)
(29 29)
(30 30)
(31 31)
(32 32)
(33 33)
(34 34)
(35 35)
(36 36)
(37 37)
(38 38)
(39 39)
(40 40)
(41 41)
(42 42)
(43 43)
(44 44)
(45 45)
(46 46)
(47 47)
(48 48)
(49 49)
(50 50)
(51 51)
(52 52)
(53 53)
(54 54)
(55 55)
(56 56)
(57 57)
(58 58)
(59 59)
(60 60)
(61 61)
(62 62)
(63 63)
(64 64)
(65 65)
(66 66)
(67 67)
(68 68)
(69 69)
(70 70)
(71 71)
(72 72)
(73 73)
(74 74)
(75 75)
(76 76)
(77 77)
(78 78)
(79 79)
(80 80)
(81 81)
(82 82)
(83 83)
(84 84)
(85 85)
(86 86)
(87 87)
(88 88)
(89 89)
(90 90)
(91 91)
(92 92)
(93 93)
(94 94)
(95 95)
(96 96)
(97 97)
(98 98)
(99 99)
(100 100)
(101 101)
(102 102)
(103 103)
(104 104)
(105 105)
(106 106)
(107 107)
(108 108)
(109 109)
(110 110)
(111 111)
(112 112)
(113 113)
(114 114)
(115 115)
(116 116)
(117 117)
(118 118)
(119 119)
(120 120)
(121 121)
(122 122)
(123 123)
(124 124)
(125 125)
(126 126)
(127 127)
(160 160)
(162 162)
(163 163)
(164 164)
(165 165)
(166 166)
(167 167)
(168 168)
(169 169)
(171 171)
(172 172)
(173 173)
(174 174)
(175 175)
(176 176)
(177 177)
(178 178)
(179 179)
(180 180)
(181 181)
(182 182)
(183 183)
(184 184)
(185 185)
(187 187)
(188 188)
(189 189)
(190 190)
(215 215)
(224 224)
(226 226)
(231 231)
(232 232)
(233 233)
(234 234)
(235 235)
(238 238)
(239 239)
(244 244)
(247 247)
(249 249)
(251 251)
(252 252)
(338 140)
(339 156)
(402 131)
(710 136)
(1548 161)
(1563 186)
(1567 191)
(1569 193)
(1570 194)
(1571 195)
(1572 196)
(1573 197)
(1574 198)
(1575 199)
(1576 200)
(1577 201)
(1578 202)
(1579 203)
(1580 204)
(1581 205)
(1582 206)
(1583 207)
(1584 208)
(1585 209)
(1586 210)
(1587 211)
(1588 212)
(1589 213)
(1590 214)
(1591 216)
(1592 217)
(1593 218)
(1594 219)
(1600 220)
(1601 221)
(1602 222)
(1603 223)
(1604 225)
(1605 227)
(1606 228)
(1607 229)
(1608 230)
(1609 236)
(1610 237)
(1611 240)
(1612 241)
(1613 242)
(1614 243)
(1615 245)
(1616 246)
(1617 248)
(1618 250)
(1662 129)
(1670 141)
(1688 142)
(1711 144)
(8204 157)
(8205 158)
(8206 253)
(8207 254)
(8211 150)
(8212 151)
(8216 145)
(8217 146)
(8218 130)
(8220 147)
(8221 148)
(8222 132)
(8224 134)
(8225 135)
(8226 149)
(8230 133)
(8240 137)
(8249 139)
(8250 155)
(8364 128)
(8482 153)
)