((0 0)
(1 1)
(2 2)
(3 3)
(4 4)
(5 5)
(6 6)
(7 7)
(8 8)
(9 9)
(10 10)
(11 11)
(12 12)
(13 13)
(14 14)
(15 15)
(16 16)
(17 17)
(18 18)
(19 19)
(20 20)
(21 21)
(22 22)
(23 23)
(24 24)
(25 25)
(26 26)
(27 27)
(28 28)
(29 29)
(30 30)
(31 31)
(32 32)
(33 33)
(34 34)
(35 35)
(36 36)
(37 37)
(38 38)
(39 39)
(40 40)
(41 41)
(42 42)
(43 43)
(44 44)
(45 45)
(46 46)
(47 47)
(48 48)
(49 49)
(50 50)
(51 51)
(52 52)
(53 53)
(54 54)
(55 55)
(56 56)
(57 57)
(58 58)
(59 59)
(60 60)
(61 61)
(62 62)
(63 63)
(64 64)
(65 65)
(66 66)
(67 67)
(68 68)
(69 69)
(70 70)
(71 71)
(72 72)
(73 73)
(74 74)
(75 75)
(76 76)
(77 77)
(78 78)
(79 79)
(80 80)
(81 81)
(82 82)
(83 83)
(84 84)
(85 85)
(86 86)
(87 87)
(88 88)
(89 89)
(90 90)
(91 91)
(92 92)
(93 93)
(94 94)
(95 95)
(96 96)
(97 97)
(98 98)
(99 99)
(100 100)
(101 101)
(102 102)
(103 103)
(104 104)
(105 105)
(106 106)
(107 107)
(108 108)
(109 109)
(110 110)
(111 111)
(112 112)
(113 113)
(114 114)
(115 115)
(116 116)
(117 117)
(118 118)
(119 119)
(120 120)
(121 121)
(122 122)
(123 123)
(124 124)
(125 125)
(126 126)
(127 127)
(160 160)
(162 162)
(163 163)
(164 164)
(166 166)
(167 167)
(168 141)
(169 169)
(171 171)
(172 172)
(173 173)
(174 174)
(175 157)
(176 176)
(177 177)
(178 178)
(179 179)
(180 180)
(181 181)
(182 182)
(183 183)
(184 143)
(185 185)
(187 187)
(188 188)
(189 189)
(190 190)
(196 196)
(197 197)
(198 175)
(201 201)
(211 211)
(213 213)
(214 214)
(215 215)
(216 168)
(220 220)
(223 223)
(228 228)
(229 229)
(230 191)
(233 233)
(243 243)
(245 245)
(246 246)
(247 247)
(248 184)
(252 252)
(256 194)
(257 226)
(260 192)
(261 224)
(262 195)
(263 227)
(268 200)
(269 232)
(274 199)
(275 231)
(278 203)
(279 235)
(280 198)
(281 230)
(290 204)
(291 236)
(298 206)
(299 238)
(302 193)
(303 225)
(310 205)
(311 237)
(315 207)
(316 239)
(321 217)
(322 249)
(323 209)
(324 241)
(325 210)
(326 242)
(332 212)
(333 244)
(342 170)
(343 186)
(346 218)
(347 250)
(352 208)
(353 240)
(362 219)
(363 251)
(370 216)
(371 248)
(377 202)
(378 234)
(379 221)
(380 253)
(381 222)
(382 254)
(711 142)
(729 255)
(731 158)
(8211 150)
(8212 151)
(8216 145)
(8217 146)
(8218 130)
(8220 147)
(8221 148)
(8222 132)
(8224 134)
(8225 135)
(8226 149)
(8230 133)
(8240 137)
(8249 139)
(8250 155)
(8364 128)
(8482 153)
)