((0 0)
(1 1)
(2 2)
(3 3)
(4 4)
(5 5)
(6 6)
(7 7)
(8 8)
(9 9)
(10 10)
(11 11)
(12 12)
(13 13)
(14 14)
(15 15)
(16 16)
(17 17)
(18 18)
(19 19)
(20 20)
(21 21)
(22 22)
(23 23)
(24 24)
(25 25)
(26 26)
(27 27)
(28 28)
(29 29)
(30 30)
(31 31)
(32 32)
(33 33)
(34 34)
(35 35)
(36 36)
(37 37)
(38 38)
(39 39)
(40 40)
(41 41)
(42 42)
(43 43)
(44 44)
(45 45)
(46 46)
(47 47)
(48 48)
(49 49)
(50 50)
(51 51)
(52 52)
(53 53)
(54 54)
(55 55)
(56 56)
(57 57)
(58 58)
(59 59)
(60 60)
(61 61)
(62 62)
(63 63)
(64 64)
(65 65)
(66 66)
(67 67)
(68 68)
(69 69)
(70 70)
(71 71)
(72 72)
(73 73)
(74 74)
(75 75)
(76 76)
(77 77)
(78 78)
(79 79)
(80 80)
(81 81)
(82 82)
(83 83)
(84 84)
(85 85)
(86 86)
(87 87)
(88 88)
(89 89)
(90 90)
(91 91)
(92 92)
(93 93)
(94 94)
(95 95)
(96 96)
(97 97)
(98 98)
(99 99)
(100 100)
(101 101)
(102 102)
(103 103)
(104 104)
(105 105)
(106 106)
(107 107)
(108 108)
(109 109)
(110 110)
(111 111)
(112 112)
(113 113)
(114 114)
(115 115)
(116 116)
(117 117)
(118 118)
(119 119)
(120 120)
(121 121)
(122 122)
(123 123)
(124 124)
(125 125)
(126 126)
(127 127)
(160 160)
(164 164)
(166 166)
(167 167)
(168 168)
(169 169)
(171 171)
(172 172)
(173 173)
(174 174)
(176 176)
(177 177)
(180 180)
(181 181)
(182 182)
(183 183)
(184 184)
(187 187)
(193 193)
(194 194)
(196 196)
(199 199)
(201 201)
(203 203)
(205 205)
(206 206)
(211 211)
(212 212)
(214 214)
(215 215)
(218 218)
(220 220)
(221 221)
(223 223)
(225 225)
(226 226)
(228 228)
(231 231)
(233 233)
(235 235)
(237 237)
(238 238)
(243 243)
(244 244)
(246 246)
(247 247)
(250 250)
(252 252)
(253 253)
(258 195)
(259 227)
(260 165)
(261 185)
(262 198)
(263 230)
(268 200)
(269 232)
(270 207)
(271 239)
(272 208)
(273 240)
(280 202)
(281 234)
(282 204)
(283 236)
(313 197)
(314 229)
(317 188)
(318 190)
(321 163)
(322 179)
(323 209)
(324 241)
(327 210)
(328 242)
(336 213)
(337 245)
(340 192)
(341 224)
(344 216)
(345 248)
(346 140)
(347 156)
(350 170)
(351 186)
(352 138)
(353 154)
(354 222)
(355 254)
(356 141)
(357 157)
(366 217)
(367 249)
(368 219)
(369 251)
(377 143)
(378 159)
(379 175)
(380 191)
(381 142)
(382 158)
(711 161)
(728 162)
(729 255)
(731 178)
(733 189)
(8211 150)
(8212 151)
(8216 145)
(8217 146)
(8218 130)
(8220 147)
(8221 148)
(8222 132)
(8224 134)
(8225 135)
(8226 149)
(8230 133)
(8240 137)
(8249 139)
(8250 155)
(8364 128)
(8482 153)
)