((0 0)
(1 1)
(2 2)
(3 3)
(4 4)
(5 5)
(6 6)
(7 7)
(8 8)
(9 9)
(10 10)
(11 11)
(12 12)
(13 13)
(14 14)
(15 15)
(16 16)
(17 17)
(18 18)
(19 19)
(20 20)
(21 21)
(22 22)
(23 23)
(24 24)
(25 25)
(26 26)
(27 27)
(28 28)
(29 29)
(30 30)
(31 31)
(32 32)
(33 33)
(34 34)
(35 35)
(36 36)
(37 37)
(38 38)
(39 39)
(40 40)
(41 41)
(42 42)
(43 43)
(44 44)
(45 45)
(46 46)
(47 47)
(48 48)
(49 49)
(50 50)
(51 51)
(52 52)
(53 53)
(54 54)
(55 55)
(56 56)
(57 57)
(58 58)
(59 59)
(60 60)
(61 61)
(62 62)
(63 63)
(64 64)
(65 65)
(66 66)
(67 67)
(68 68)
(69 69)
(70 70)
(71 71)
(72 72)
(73 73)
(74 74)
(75 75)
(76 76)
(77 77)
(78 78)
(79 79)
(80 80)
(81 81)
(82 82)
(83 83)
(84 84)
(85 85)
(86 86)
(87 87)
(88 88)
(89 89)
(90 90)
(91 91)
(92 92)
(93 93)
(94 94)
(95 95)
(96 96)
(97 97)
(98 98)
(99 99)
(100 100)
(101 101)
(102 102)
(103 103)
(104 104)
(105 105)
(106 106)
(107 107)
(108 108)
(109 109)
(110 110)
(111 111)
(112 112)
(113 113)
(114 114)
(115 115)
(116 116)
(117 117)
(118 118)
(119 119)
(120 120)
(121 121)
(122 122)
(123 123)
(124 124)
(125 125)
(126 126)
(127 127)
(160 255)
(164 207)
(167 245)
(168 249)
(171 174)
(172 170)
(173 240)
(176 248)
(180 239)
(184 247)
(187 175)
(193 181)
(194 182)
(196 142)
(199 128)
(201 144)
(203 211)
(205 214)
(206 215)
(211 224)
(212 226)
(214 153)
(215 158)
(218 233)
(220 154)
(221 237)
(223 225)
(225 160)
(226 131)
(228 132)
(231 135)
(233 130)
(235 137)
(237 161)
(238 140)
(243 162)
(244 147)
(246 148)
(247 246)
(250 163)
(252 129)
(253 236)
(258 198)
(259 199)
(260 164)
(261 165)
(262 143)
(263 134)
(268 172)
(269 159)
(270 210)
(271 212)
(272 209)
(273 208)
(280 168)
(281 169)
(282 183)
(283 216)
(313 145)
(314 146)
(317 149)
(318 150)
(321 157)
(322 136)
(323 227)
(324 228)
(327 213)
(328 229)
(336 138)
(337 139)
(340 232)
(341 234)
(344 252)
(345 253)
(346 151)
(347 152)
(350 184)
(351 173)
(352 230)
(353 231)
(354 221)
(355 238)
(356 155)
(357 156)
(366 222)
(367 133)
(368 235)
(369 251)
(377 141)
(378 171)
(379 189)
(380 190)
(381 166)
(382 167)
(711 243)
(728 244)
(729 250)
(731 242)
(733 241)
(9472 196)
(9474 179)
(9484 218)
(9488 191)
(9492 192)
(9496 217)
(9500 195)
(9508 180)
(9516 194)
(9524 193)
(9532 197)
(9552 205)
(9553 186)
(9556 201)
(9559 187)
(9562 200)
(9565 188)
(9568 204)
(9571 185)
(9574 203)
(9577 202)
(9580 206)
(9600 223)
(9604 220)
(9608 219)
(9617 176)
(9618 177)
(9619 178)
(9632 254)
)