((0 0)
(1 1)
(2 2)
(3 3)
(4 4)
(5 5)
(6 6)
(7 7)
(8 8)
(9 9)
(10 10)
(11 11)
(12 12)
(13 13)
(14 14)
(15 15)
(16 16)
(17 17)
(18 18)
(19 19)
(20 20)
(21 21)
(22 22)
(23 23)
(24 24)
(25 25)
(26 26)
(27 27)
(28 28)
(29 29)
(30 30)
(31 31)
(32 32)
(33 33)
(34 34)
(35 35)
(36 36)
(37 37)
(38 38)
(39 39)
(40 40)
(41 41)
(42 42)
(43 43)
(44 44)
(45 45)
(46 46)
(47 47)
(48 48)
(49 49)
(50 50)
(51 51)
(52 52)
(53 53)
(54 54)
(55 55)
(56 56)
(57 57)
(58 58)
(59 59)
(60 60)
(61 61)
(62 62)
(63 63)
(64 64)
(65 65)
(66 66)
(67 67)
(68 68)
(69 69)
(70 70)
(71 71)
(72 72)
(73 73)
(74 74)
(75 75)
(76 76)
(77 77)
(78 78)
(79 79)
(80 80)
(81 81)
(82 82)
(83 83)
(84 84)
(85 85)
(86 86)
(87 87)
(88 88)
(89 89)
(90 90)
(91 91)
(92 92)
(93 93)
(94 94)
(95 95)
(96 96)
(97 97)
(98 98)
(99 99)
(100 100)
(101 101)
(102 102)
(103 103)
(104 104)
(105 105)
(106 106)
(107 107)
(108 108)
(109 109)
(110 110)
(111 111)
(112 112)
(113 113)
(114 114)
(115 115)
(116 116)
(117 117)
(118 118)
(119 119)
(120 120)
(121 121)
(122 122)
(123 123)
(124 124)
(125 125)
(126 126)
(127 127)
(160 255)
(161 173)
(162 189)
(163 156)
(164 207)
(165 190)
(166 221)
(167 245)
(168 249)
(169 184)
(170 166)
(171 174)
(172 170)
(173 240)
(174 169)
(175 238)
(176 248)
(177 241)
(178 253)
(179 252)
(180 239)
(181 230)
(182 244)
(183 250)
(184 247)
(185 251)
(186 167)
(187 175)
(188 172)
(189 171)
(190 243)
(191 168)
(192 183)
(193 181)
(194 182)
(195 199)
(196 142)
(197 143)
(198 146)
(199 128)
(200 212)
(201 144)
(202 210)
(203 211)
(204 222)
(205 214)
(206 215)
(207 216)
(208 209)
(209 165)
(210 227)
(211 224)
(212 226)
(213 229)
(214 153)
(215 158)
(216 157)
(217 235)
(218 233)
(219 234)
(220 154)
(221 237)
(222 232)
(223 225)
(224 133)
(225 160)
(226 131)
(227 198)
(228 132)
(229 134)
(230 145)
(231 135)
(232 138)
(233 130)
(234 136)
(235 137)
(236 141)
(237 161)
(238 140)
(239 139)
(240 208)
(241 164)
(242 149)
(243 162)
(244 147)
(245 228)
(246 148)
(247 246)
(248 155)
(249 151)
(250 163)
(251 150)
(252 129)
(253 236)
(254 231)
(255 152)
(305 213)
(402 159)
(8215 242)
(9472 196)
(9474 179)
(9484 218)
(9488 191)
(9492 192)
(9496 217)
(9500 195)
(9508 180)
(9516 194)
(9524 193)
(9532 197)
(9552 205)
(9553 186)
(9556 201)
(9559 187)
(9562 200)
(9565 188)
(9568 204)
(9571 185)
(9574 203)
(9577 202)
(9580 206)
(9600 223)
(9604 220)
(9608 219)
(9617 176)
(9618 177)
(9619 178)
(9632 254)
)