((0 0)
(1 1)
(2 2)
(3 3)
(4 4)
(5 5)
(6 6)
(7 7)
(8 8)
(9 9)
(10 10)
(11 11)
(12 12)
(13 13)
(14 14)
(15 15)
(16 16)
(17 17)
(18 18)
(19 19)
(20 20)
(21 21)
(22 22)
(23 23)
(24 24)
(25 25)
(26 26)
(27 27)
(28 28)
(29 29)
(30 30)
(31 31)
(32 32)
(33 33)
(34 34)
(35 35)
(36 36)
(37 37)
(38 38)
(39 39)
(40 40)
(41 41)
(42 42)
(43 43)
(44 44)
(45 45)
(46 46)
(47 47)
(48 48)
(49 49)
(50 50)
(51 51)
(52 52)
(53 53)
(54 54)
(55 55)
(56 56)
(57 57)
(58 58)
(59 59)
(60 60)
(61 61)
(62 62)
(63 63)
(64 64)
(65 65)
(66 66)
(67 67)
(68 68)
(69 69)
(70 70)
(71 71)
(72 72)
(73 73)
(74 74)
(75 75)
(76 76)
(77 77)
(78 78)
(79 79)
(80 80)
(81 81)
(82 82)
(83 83)
(84 84)
(85 85)
(86 86)
(87 87)
(88 88)
(89 89)
(90 90)
(91 91)
(92 92)
(93 93)
(94 94)
(95 95)
(96 96)
(97 97)
(98 98)
(99 99)
(100 100)
(101 101)
(102 102)
(103 103)
(104 104)
(105 105)
(106 106)
(107 107)
(108 108)
(109 109)
(110 110)
(111 111)
(112 112)
(113 113)
(114 114)
(115 115)
(116 116)
(117 117)
(118 118)
(119 119)
(120 120)
(121 121)
(122 122)
(123 123)
(124 124)
(125 125)
(126 126)
(127 127)
(160 160)
(162 192)
(163 163)
(164 164)
(166 219)
(171 151)
(172 220)
(173 161)
(176 128)
(177 147)
(183 129)
(187 152)
(188 149)
(189 148)
(215 222)
(247 221)
(946 144)
(966 146)
(1548 172)
(1563 187)
(1567 191)
(1600 224)
(1617 241)
(1632 176)
(1633 177)
(1634 178)
(1635 179)
(1636 180)
(1637 181)
(1638 182)
(1639 183)
(1640 184)
(1641 185)
(8729 130)
(8730 131)
(8734 145)
(8776 150)
(9472 133)
(9474 134)
(9484 141)
(9488 140)
(9492 142)
(9496 143)
(9500 138)
(9508 136)
(9516 137)
(9524 139)
(9532 135)
(9618 132)
(9632 254)
(65149 240)
(65152 193)
(65153 194)
(65154 162)
(65155 195)
(65156 165)
(65157 196)
(65163 198)
(65165 199)
(65166 168)
(65167 169)
(65169 200)
(65171 201)
(65173 170)
(65175 202)
(65177 171)
(65179 203)
(65181 173)
(65183 204)
(65185 174)
(65187 205)
(65189 175)
(65191 206)
(65193 207)
(65195 208)
(65197 209)
(65199 210)
(65201 188)
(65203 211)
(65205 189)
(65207 212)
(65209 190)
(65211 213)
(65213 235)
(65215 214)
(65217 215)
(65221 216)
(65225 223)
(65226 197)
(65227 217)
(65228 236)
(65229 238)
(65230 237)
(65231 218)
(65232 247)
(65233 186)
(65235 225)
(65237 248)
(65239 226)
(65241 252)
(65243 227)
(65245 251)
(65247 228)
(65249 239)
(65251 229)
(65253 242)
(65255 230)
(65257 243)
(65259 231)
(65260 244)
(65261 232)
(65263 233)
(65264 245)
(65265 253)
(65266 246)
(65267 234)
(65269 249)
(65270 250)
(65271 153)
(65272 154)
(65275 157)
(65276 158)
)