((0 0)
(1 1)
(2 2)
(3 3)
(4 55)
(5 45)
(6 46)
(7 47)
(8 22)
(9 5)
(10 37)
(11 11)
(12 12)
(13 13)
(14 14)
(15 15)
(16 16)
(17 17)
(18 18)
(19 19)
(20 60)
(21 61)
(22 50)
(23 38)
(24 24)
(25 25)
(26 63)
(27 39)
(28 28)
(29 29)
(30 30)
(31 31)
(32 64)
(33 90)
(34 127)
(35 123)
(36 91)
(37 108)
(38 80)
(39 125)
(40 77)
(41 93)
(42 92)
(43 78)
(44 107)
(45 96)
(46 75)
(47 97)
(48 240)
(49 241)
(50 242)
(51 243)
(52 244)
(53 245)
(54 246)
(55 247)
(56 248)
(57 249)
(58 122)
(59 94)
(60 76)
(61 126)
(62 110)
(63 111)
(64 124)
(65 193)
(66 194)
(67 195)
(68 196)
(69 197)
(70 198)
(71 199)
(72 200)
(73 201)
(74 209)
(75 210)
(76 211)
(77 212)
(78 213)
(79 214)
(80 215)
(81 216)
(82 217)
(83 226)
(84 227)
(85 228)
(86 229)
(87 230)
(88 231)
(89 232)
(90 233)
(91 186)
(92 224)
(93 187)
(94 176)
(95 109)
(96 121)
(97 129)
(98 130)
(99 131)
(100 132)
(101 133)
(102 134)
(103 135)
(104 136)
(105 137)
(106 145)
(107 146)
(108 147)
(109 148)
(110 149)
(111 150)
(112 151)
(113 152)
(114 153)
(115 162)
(116 163)
(117 164)
(118 165)
(119 166)
(120 167)
(121 168)
(122 169)
(123 192)
(124 79)
(125 208)
(126 161)
(127 7)
(128 32)
(129 33)
(130 34)
(131 35)
(132 36)
(133 21)
(134 6)
(135 23)
(136 40)
(137 41)
(138 42)
(139 43)
(140 44)
(141 9)
(142 10)
(143 27)
(144 48)
(145 49)
(146 26)
(147 51)
(148 52)
(149 53)
(150 54)
(151 8)
(152 56)
(153 57)
(154 58)
(155 59)
(156 4)
(157 20)
(158 62)
(159 255)
(160 65)
(161 170)
(162 74)
(163 177)
(164 159)
(165 178)
(166 106)
(167 181)
(168 189)
(169 180)
(170 154)
(171 138)
(172 95)
(173 202)
(174 175)
(175 188)
(176 144)
(177 143)
(178 234)
(179 250)
(180 190)
(181 160)
(182 182)
(183 179)
(184 157)
(185 218)
(186 155)
(187 139)
(188 183)
(189 184)
(190 185)
(191 171)
(192 100)
(193 101)
(194 98)
(195 102)
(196 99)
(197 103)
(198 158)
(199 104)
(200 116)
(201 113)
(202 114)
(203 115)
(204 120)
(205 117)
(206 118)
(207 119)
(208 172)
(209 105)
(210 237)
(211 238)
(212 235)
(213 239)
(214 236)
(215 191)
(216 128)
(217 253)
(218 254)
(219 251)
(220 252)
(221 173)
(222 174)
(223 89)
(224 68)
(225 69)
(226 66)
(227 70)
(228 67)
(229 71)
(230 156)
(231 72)
(232 84)
(233 81)
(234 82)
(235 83)
(236 88)
(237 85)
(238 86)
(239 87)
(240 140)
(241 73)
(242 205)
(243 206)
(244 203)
(245 207)
(246 204)
(247 225)
(248 112)
(249 221)
(250 222)
(251 219)
(252 220)
(253 141)
(254 142)
(255 223)
)