((0 0)
(1 1)
(2 2)
(3 3)
(4 4)
(5 5)
(6 6)
(7 7)
(8 8)
(9 9)
(10 10)
(11 11)
(12 12)
(13 13)
(14 14)
(15 15)
(16 16)
(17 17)
(18 18)
(19 19)
(20 20)
(21 21)
(22 22)
(23 23)
(24 24)
(25 25)
(26 26)
(27 27)
(28 28)
(29 29)
(30 30)
(31 31)
(32 32)
(33 33)
(34 34)
(35 35)
(36 36)
(37 37)
(38 38)
(39 39)
(40 40)
(41 41)
(42 42)
(43 43)
(44 44)
(45 45)
(46 46)
(47 47)
(48 48)
(49 49)
(50 50)
(51 51)
(52 52)
(53 53)
(54 54)
(55 55)
(56 56)
(57 57)
(58 58)
(59 59)
(60 60)
(61 61)
(62 62)
(63 63)
(64 64)
(65 65)
(66 66)
(67 67)
(68 68)
(69 69)
(70 70)
(71 71)
(72 72)
(73 73)
(74 74)
(75 75)
(76 76)
(77 77)
(78 78)
(79 79)
(80 80)
(81 81)
(82 82)
(83 83)
(84 84)
(85 85)
(86 86)
(87 87)
(88 88)
(89 89)
(90 90)
(91 91)
(92 92)
(93 93)
(94 94)
(95 95)
(96 96)
(97 97)
(98 98)
(99 99)
(100 100)
(101 101)
(102 102)
(103 103)
(104 104)
(105 105)
(106 106)
(107 107)
(108 108)
(109 109)
(110 110)
(111 111)
(112 112)
(113 113)
(114 114)
(115 115)
(116 116)
(117 117)
(118 118)
(119 119)
(120 120)
(121 121)
(122 122)
(123 123)
(124 124)
(125 125)
(126 126)
(127 127)
(128 128)
(129 129)
(130 130)
(131 131)
(132 132)
(133 133)
(134 134)
(135 135)
(136 136)
(137 137)
(138 138)
(139 139)
(140 140)
(141 141)
(142 142)
(143 143)
(144 144)
(145 145)
(146 146)
(147 147)
(148 148)
(149 149)
(150 150)
(151 151)
(152 152)
(153 153)
(154 154)
(155 155)
(156 156)
(157 157)
(158 158)
(159 159)
(160 160)
(3585 161)
(3586 162)
(3587 163)
(3588 164)
(3589 165)
(3590 166)
(3591 167)
(3592 168)
(3593 169)
(3594 170)
(3595 171)
(3596 172)
(3597 173)
(3598 174)
(3599 175)
(3600 176)
(3601 177)
(3602 178)
(3603 179)
(3604 180)
(3605 181)
(3606 182)
(3607 183)
(3608 184)
(3609 185)
(3610 186)
(3611 187)
(3612 188)
(3613 189)
(3614 190)
(3615 191)
(3616 192)
(3617 193)
(3618 194)
(3619 195)
(3620 196)
(3621 197)
(3622 198)
(3623 199)
(3624 200)
(3625 201)
(3626 202)
(3627 203)
(3628 204)
(3629 205)
(3630 206)
(3631 207)
(3632 208)
(3633 209)
(3634 210)
(3635 211)
(3636 212)
(3637 213)
(3638 214)
(3639 215)
(3640 216)
(3641 217)
(3642 218)
(3647 223)
(3648 224)
(3649 225)
(3650 226)
(3651 227)
(3652 228)
(3653 229)
(3654 230)
(3655 231)
(3656 232)
(3657 233)
(3658 234)
(3659 235)
(3660 236)
(3661 237)
(3662 238)
(3663 239)
(3664 240)
(3665 241)
(3666 242)
(3667 243)
(3668 244)
(3669 245)
(3670 246)
(3671 247)
(3672 248)
(3673 249)
(3674 250)
(3675 251)
)