((0 0)
(1 1)
(2 2)
(3 3)
(4 4)
(5 5)
(6 6)
(7 7)
(8 8)
(9 9)
(10 10)
(11 11)
(12 12)
(13 13)
(14 14)
(15 15)
(16 16)
(17 17)
(18 18)
(19 19)
(20 20)
(21 21)
(22 22)
(23 23)
(24 24)
(25 25)
(26 26)
(27 27)
(28 28)
(29 29)
(30 30)
(31 31)
(32 32)
(33 33)
(34 34)
(35 35)
(36 36)
(37 37)
(38 38)
(39 39)
(40 40)
(41 41)
(42 42)
(43 43)
(44 44)
(45 45)
(46 46)
(47 47)
(48 48)
(49 49)
(50 50)
(51 51)
(52 52)
(53 53)
(54 54)
(55 55)
(56 56)
(57 57)
(58 58)
(59 59)
(60 60)
(61 61)
(62 62)
(63 63)
(64 64)
(65 65)
(66 66)
(67 67)
(68 68)
(69 69)
(70 70)
(71 71)
(72 72)
(73 73)
(74 74)
(75 75)
(76 76)
(77 77)
(78 78)
(79 79)
(80 80)
(81 81)
(82 82)
(83 83)
(84 84)
(85 85)
(86 86)
(87 87)
(88 88)
(89 89)
(90 90)
(91 91)
(92 92)
(93 93)
(94 94)
(95 95)
(96 96)
(97 97)
(98 98)
(99 99)
(100 100)
(101 101)
(102 102)
(103 103)
(104 104)
(105 105)
(106 106)
(107 107)
(108 108)
(109 109)
(110 110)
(111 111)
(112 112)
(113 113)
(114 114)
(115 115)
(116 116)
(117 117)
(118 118)
(119 119)
(120 120)
(121 121)
(122 122)
(123 123)
(124 124)
(125 125)
(126 126)
(127 127)
(128 128)
(129 129)
(130 130)
(131 131)
(132 132)
(133 133)
(134 134)
(135 135)
(136 136)
(137 137)
(138 138)
(139 139)
(140 140)
(141 141)
(142 142)
(143 143)
(144 144)
(145 145)
(146 146)
(147 147)
(148 148)
(149 149)
(150 150)
(151 151)
(152 152)
(153 153)
(154 154)
(155 155)
(156 156)
(157 157)
(158 158)
(159 159)
(160 160)
(163 163)
(166 166)
(167 167)
(168 168)
(169 169)
(171 171)
(172 172)
(173 173)
(176 176)
(177 177)
(178 178)
(179 179)
(183 183)
(187 187)
(189 189)
(700 162)
(701 161)
(900 180)
(901 181)
(902 182)
(904 184)
(905 185)
(906 186)
(908 188)
(910 190)
(911 191)
(912 192)
(913 193)
(914 194)
(915 195)
(916 196)
(917 197)
(918 198)
(919 199)
(920 200)
(921 201)
(922 202)
(923 203)
(924 204)
(925 205)
(926 206)
(927 207)
(928 208)
(929 209)
(931 211)
(932 212)
(933 213)
(934 214)
(935 215)
(936 216)
(937 217)
(938 218)
(939 219)
(940 220)
(941 221)
(942 222)
(943 223)
(944 224)
(945 225)
(946 226)
(947 227)
(948 228)
(949 229)
(950 230)
(951 231)
(952 232)
(953 233)
(954 234)
(955 235)
(956 236)
(957 237)
(958 238)
(959 239)
(960 240)
(961 241)
(962 242)
(963 243)
(964 244)
(965 245)
(966 246)
(967 247)
(968 248)
(969 249)
(970 250)
(971 251)
(972 252)
(973 253)
(974 254)
(8213 175)
)