((0 0)
(1 1)
(2 2)
(3 3)
(4 4)
(5 5)
(6 6)
(7 7)
(8 8)
(9 9)
(10 10)
(11 11)
(12 12)
(13 13)
(14 14)
(15 15)
(16 16)
(17 17)
(18 18)
(19 19)
(20 20)
(21 21)
(22 22)
(23 23)
(24 24)
(25 25)
(26 26)
(27 27)
(28 28)
(29 29)
(30 30)
(31 31)
(32 32)
(33 33)
(34 34)
(35 35)
(36 36)
(37 37)
(38 38)
(39 39)
(40 40)
(41 41)
(42 42)
(43 43)
(44 44)
(45 45)
(46 46)
(47 47)
(48 48)
(49 49)
(50 50)
(51 51)
(52 52)
(53 53)
(54 54)
(55 55)
(56 56)
(57 57)
(58 58)
(59 59)
(60 60)
(61 61)
(62 62)
(63 63)
(64 64)
(65 65)
(66 66)
(67 67)
(68 68)
(69 69)
(70 70)
(71 71)
(72 72)
(73 73)
(74 74)
(75 75)
(76 76)
(77 77)
(78 78)
(79 79)
(80 80)
(81 81)
(82 82)
(83 83)
(84 84)
(85 85)
(86 86)
(87 87)
(88 88)
(89 89)
(90 90)
(91 91)
(92 92)
(93 93)
(94 94)
(95 95)
(96 96)
(97 97)
(98 98)
(99 99)
(100 100)
(101 101)
(102 102)
(103 103)
(104 104)
(105 105)
(106 106)
(107 107)
(108 108)
(109 109)
(110 110)
(111 111)
(112 112)
(113 113)
(114 114)
(115 115)
(116 116)
(117 117)
(118 118)
(119 119)
(120 120)
(121 121)
(122 122)
(123 123)
(124 124)
(125 125)
(126 126)
(127 127)
(128 128)
(129 129)
(130 130)
(131 131)
(132 132)
(133 133)
(134 134)
(135 135)
(136 136)
(137 137)
(138 138)
(139 139)
(140 140)
(141 141)
(142 142)
(143 143)
(144 144)
(145 145)
(146 146)
(147 147)
(148 148)
(149 149)
(150 150)
(151 151)
(152 152)
(153 153)
(154 154)
(155 155)
(156 156)
(157 157)
(158 158)
(159 159)
(160 160)
(167 253)
(173 173)
(1025 161)
(1026 162)
(1027 163)
(1028 164)
(1029 165)
(1030 166)
(1031 167)
(1032 168)
(1033 169)
(1034 170)
(1035 171)
(1036 172)
(1038 174)
(1039 175)
(1040 176)
(1041 177)
(1042 178)
(1043 179)
(1044 180)
(1045 181)
(1046 182)
(1047 183)
(1048 184)
(1049 185)
(1050 186)
(1051 187)
(1052 188)
(1053 189)
(1054 190)
(1055 191)
(1056 192)
(1057 193)
(1058 194)
(1059 195)
(1060 196)
(1061 197)
(1062 198)
(1063 199)
(1064 200)
(1065 201)
(1066 202)
(1067 203)
(1068 204)
(1069 205)
(1070 206)
(1071 207)
(1072 208)
(1073 209)
(1074 210)
(1075 211)
(1076 212)
(1077 213)
(1078 214)
(1079 215)
(1080 216)
(1081 217)
(1082 218)
(1083 219)
(1084 220)
(1085 221)
(1086 222)
(1087 223)
(1088 224)
(1089 225)
(1090 226)
(1091 227)
(1092 228)
(1093 229)
(1094 230)
(1095 231)
(1096 232)
(1097 233)
(1098 234)
(1099 235)
(1100 236)
(1101 237)
(1102 238)
(1103 239)
(1105 241)
(1106 242)
(1107 243)
(1108 244)
(1109 245)
(1110 246)
(1111 247)
(1112 248)
(1113 249)
(1114 250)
(1115 251)
(1116 252)
(1118 254)
(1119 255)
(8470 240)
)