((0 0)
(1 1)
(2 2)
(3 3)
(4 4)
(5 5)
(6 6)
(7 7)
(8 8)
(9 9)
(10 10)
(11 11)
(12 12)
(13 13)
(14 14)
(15 15)
(16 16)
(17 17)
(18 18)
(19 19)
(20 20)
(21 21)
(22 22)
(23 23)
(24 24)
(25 25)
(26 26)
(27 27)
(28 28)
(29 29)
(30 30)
(31 31)
(32 32)
(33 33)
(34 34)
(35 35)
(36 36)
(37 37)
(38 38)
(39 39)
(40 40)
(41 41)
(42 42)
(43 43)
(44 44)
(45 45)
(46 46)
(47 47)
(48 48)
(49 49)
(50 50)
(51 51)
(52 52)
(53 53)
(54 54)
(55 55)
(56 56)
(57 57)
(58 58)
(59 59)
(60 60)
(61 61)
(62 62)
(63 63)
(64 64)
(65 65)
(66 66)
(67 67)
(68 68)
(69 69)
(70 70)
(71 71)
(72 72)
(73 73)
(74 74)
(75 75)
(76 76)
(77 77)
(78 78)
(79 79)
(80 80)
(81 81)
(82 82)
(83 83)
(84 84)
(85 85)
(86 86)
(87 87)
(88 88)
(89 89)
(90 90)
(91 91)
(92 92)
(93 93)
(94 94)
(95 95)
(96 96)
(97 97)
(98 98)
(99 99)
(100 100)
(101 101)
(102 102)
(103 103)
(104 104)
(105 105)
(106 106)
(107 107)
(108 108)
(109 109)
(110 110)
(111 111)
(112 112)
(113 113)
(114 114)
(115 115)
(116 116)
(117 117)
(118 118)
(119 119)
(120 120)
(121 121)
(122 122)
(123 123)
(124 124)
(125 125)
(126 126)
(127 127)
(128 128)
(129 129)
(130 130)
(131 131)
(132 132)
(133 133)
(134 134)
(135 135)
(136 136)
(137 137)
(138 138)
(139 139)
(140 140)
(141 141)
(142 142)
(143 143)
(144 144)
(145 145)
(146 146)
(147 147)
(148 148)
(149 149)
(150 150)
(151 151)
(152 152)
(153 153)
(154 154)
(155 155)
(156 156)
(157 157)
(158 158)
(159 159)
(160 160)
(164 164)
(167 167)
(168 168)
(173 173)
(176 176)
(180 180)
(184 184)
(193 193)
(194 194)
(196 196)
(199 199)
(201 201)
(203 203)
(205 205)
(206 206)
(211 211)
(212 212)
(214 214)
(215 215)
(218 218)
(220 220)
(221 221)
(223 223)
(225 225)
(226 226)
(228 228)
(231 231)
(233 233)
(235 235)
(237 237)
(238 238)
(243 243)
(244 244)
(246 246)
(247 247)
(250 250)
(252 252)
(253 253)
(258 195)
(259 227)
(260 161)
(261 177)
(262 198)
(263 230)
(268 200)
(269 232)
(270 207)
(271 239)
(272 208)
(273 240)
(280 202)
(281 234)
(282 204)
(283 236)
(313 197)
(314 229)
(317 165)
(318 181)
(321 163)
(322 179)
(323 209)
(324 241)
(327 210)
(328 242)
(336 213)
(337 245)
(340 192)
(341 224)
(344 216)
(345 248)
(346 166)
(347 182)
(350 170)
(351 186)
(352 169)
(353 185)
(354 222)
(355 254)
(356 171)
(357 187)
(366 217)
(367 249)
(368 219)
(369 251)
(377 172)
(378 188)
(379 175)
(380 191)
(381 174)
(382 190)
(711 183)
(728 162)
(729 255)
(731 178)
(733 189)
)