((0 0)
(1 1)
(2 2)
(3 3)
(4 4)
(5 5)
(6 6)
(7 7)
(8 8)
(9 9)
(10 10)
(11 11)
(12 12)
(13 13)
(14 14)
(15 15)
(16 16)
(17 17)
(18 18)
(19 19)
(20 20)
(21 21)
(22 22)
(23 23)
(24 24)
(25 25)
(26 26)
(27 27)
(28 28)
(29 29)
(30 30)
(31 31)
(32 32)
(33 33)
(34 34)
(35 35)
(36 36)
(37 37)
(38 38)
(39 39)
(40 40)
(41 41)
(42 42)
(43 43)
(44 44)
(45 45)
(46 46)
(47 47)
(48 48)
(49 49)
(50 50)
(51 51)
(52 52)
(53 53)
(54 54)
(55 55)
(56 56)
(57 57)
(58 58)
(59 59)
(60 60)
(61 61)
(62 62)
(63 63)
(64 64)
(65 65)
(66 66)
(67 67)
(68 68)
(69 69)
(70 70)
(71 71)
(72 72)
(73 73)
(74 74)
(75 75)
(76 76)
(77 77)
(78 78)
(79 79)
(80 80)
(81 81)
(82 82)
(83 83)
(84 84)
(85 85)
(86 86)
(87 87)
(88 88)
(89 89)
(90 90)
(91 91)
(92 92)
(93 93)
(94 94)
(95 95)
(96 96)
(97 97)
(98 98)
(99 99)
(100 100)
(101 101)
(102 102)
(103 103)
(104 104)
(105 105)
(106 106)
(107 107)
(108 108)
(109 109)
(110 110)
(111 111)
(112 112)
(113 113)
(114 114)
(115 115)
(116 116)
(117 117)
(118 118)
(119 119)
(120 120)
(121 121)
(122 122)
(123 123)
(124 124)
(125 125)
(126 126)
(127 127)
(160 154)
(169 191)
(176 156)
(178 157)
(183 158)
(247 159)
(1025 179)
(1040 225)
(1041 226)
(1042 247)
(1043 231)
(1044 228)
(1045 229)
(1046 246)
(1047 250)
(1048 233)
(1049 234)
(1050 235)
(1051 236)
(1052 237)
(1053 238)
(1054 239)
(1055 240)
(1056 242)
(1057 243)
(1058 244)
(1059 245)
(1060 230)
(1061 232)
(1062 227)
(1063 254)
(1064 251)
(1065 253)
(1066 255)
(1067 249)
(1068 248)
(1069 252)
(1070 224)
(1071 241)
(1072 193)
(1073 194)
(1074 215)
(1075 199)
(1076 196)
(1077 197)
(1078 214)
(1079 218)
(1080 201)
(1081 202)
(1082 203)
(1083 204)
(1084 205)
(1085 206)
(1086 207)
(1087 208)
(1088 210)
(1089 211)
(1090 212)
(1091 213)
(1092 198)
(1093 200)
(1094 195)
(1095 222)
(1096 219)
(1097 221)
(1098 223)
(1099 217)
(1100 216)
(1101 220)
(1102 192)
(1103 209)
(1105 163)
(8729 149)
(8730 150)
(8776 151)
(8804 152)
(8805 153)
(8992 147)
(8993 155)
(9472 128)
(9474 129)
(9484 130)
(9488 131)
(9492 132)
(9496 133)
(9500 134)
(9508 135)
(9516 136)
(9524 137)
(9532 138)
(9552 160)
(9553 161)
(9554 162)
(9555 164)
(9556 165)
(9557 166)
(9558 167)
(9559 168)
(9560 169)
(9561 170)
(9562 171)
(9563 172)
(9564 173)
(9565 174)
(9566 175)
(9567 176)
(9568 177)
(9569 178)
(9570 180)
(9571 181)
(9572 182)
(9573 183)
(9574 184)
(9575 185)
(9576 186)
(9577 187)
(9578 188)
(9579 189)
(9580 190)
(9600 139)
(9604 140)
(9608 141)
(9612 142)
(9616 143)
(9617 144)
(9618 145)
(9619 146)
(9632 148)
)