((0 0)
(1 1)
(2 2)
(3 3)
(4 4)
(5 5)
(6 6)
(7 7)
(8 8)
(9 9)
(10 10)
(11 11)
(12 12)
(13 13)
(14 14)
(15 15)
(16 16)
(17 17)
(18 18)
(19 19)
(20 20)
(21 21)
(22 22)
(23 23)
(24 24)
(25 25)
(26 26)
(27 27)
(28 28)
(29 29)
(30 30)
(31 31)
(32 32)
(33 33)
(34 34)
(35 35)
(36 36)
(37 37)
(38 38)
(39 39)
(40 40)
(41 41)
(42 42)
(43 43)
(44 44)
(45 45)
(46 46)
(47 47)
(48 48)
(49 49)
(50 50)
(51 51)
(52 52)
(53 53)
(54 54)
(55 55)
(56 56)
(57 57)
(58 58)
(59 59)
(60 60)
(61 61)
(62 62)
(63 63)
(64 64)
(65 65)
(66 66)
(67 67)
(68 68)
(69 69)
(70 70)
(71 71)
(72 72)
(73 73)
(74 74)
(75 75)
(76 76)
(77 77)
(78 78)
(79 79)
(80 80)
(81 81)
(82 82)
(83 83)
(84 84)
(85 85)
(86 86)
(87 87)
(88 88)
(89 89)
(90 90)
(91 91)
(92 92)
(93 93)
(94 94)
(95 95)
(96 96)
(97 97)
(98 98)
(99 99)
(100 100)
(101 101)
(102 102)
(103 103)
(104 104)
(105 105)
(106 106)
(107 107)
(108 108)
(109 109)
(110 110)
(111 111)
(112 112)
(113 113)
(114 114)
(115 115)
(116 116)
(117 117)
(118 118)
(119 119)
(120 120)
(121 121)
(122 122)
(123 123)
(124 124)
(125 125)
(126 126)
(127 127)
(160 202)
(162 162)
(163 163)
(164 255)
(167 164)
(169 169)
(171 199)
(172 194)
(174 168)
(176 161)
(177 177)
(181 181)
(182 166)
(187 200)
(247 214)
(402 196)
(1025 221)
(1026 171)
(1027 174)
(1028 184)
(1029 193)
(1030 167)
(1031 186)
(1032 183)
(1033 188)
(1034 190)
(1035 203)
(1036 205)
(1038 216)
(1039 218)
(1040 128)
(1041 129)
(1042 130)
(1043 131)
(1044 132)
(1045 133)
(1046 134)
(1047 135)
(1048 136)
(1049 137)
(1050 138)
(1051 139)
(1052 140)
(1053 141)
(1054 142)
(1055 143)
(1056 144)
(1057 145)
(1058 146)
(1059 147)
(1060 148)
(1061 149)
(1062 150)
(1063 151)
(1064 152)
(1065 153)
(1066 154)
(1067 155)
(1068 156)
(1069 157)
(1070 158)
(1071 159)
(1072 224)
(1073 225)
(1074 226)
(1075 227)
(1076 228)
(1077 229)
(1078 230)
(1079 231)
(1080 232)
(1081 233)
(1082 234)
(1083 235)
(1084 236)
(1085 237)
(1086 238)
(1087 239)
(1088 240)
(1089 241)
(1090 242)
(1091 243)
(1092 244)
(1093 245)
(1094 246)
(1095 247)
(1096 248)
(1097 249)
(1098 250)
(1099 251)
(1100 252)
(1101 253)
(1102 254)
(1103 223)
(1105 222)
(1106 172)
(1107 175)
(1108 185)
(1109 207)
(1110 180)
(1111 187)
(1112 192)
(1113 189)
(1114 191)
(1115 204)
(1116 206)
(1118 217)
(1119 219)
(8211 208)
(8212 209)
(8216 212)
(8217 213)
(8220 210)
(8221 211)
(8222 215)
(8224 160)
(8226 165)
(8230 201)
(8470 220)
(8482 170)
(8706 182)
(8710 198)
(8730 195)
(8734 176)
(8776 197)
(8800 173)
(8804 178)
(8805 179)
)